4.119005 4.312320 5.718089 5.871261 13.718676 10.651774 
4.380135 4.232438 5.702044 6.064685  
4.119005 4.312320 5.718089 5.871261  
4.380135 4.232438 5.702044 6.064685  
4.119005 4.312320 5.718089 5.871261  
4.380135 4.232438 5.702044 6.064685  
4.119373 4.265442 5.686568 5.759580  
4.219946 3.405517 9.638209 6.377287  
4.119612 3.987366 5.678187 6.041867  
4.099514 4.245736 5.707447 5.804077  
3.542221 86.213081 5.760550 6.072091  
25.400740 4.156321 6.695197 16.085165  
4.083472 3.987369 7.686335 21.807677  
4.113406 4.112980 6.101174 6.461502  
14.619925 17.238732 5.602721 7.738421  
14.229239 14.211267 9.924402 9.195806  
4.257410 4.233632 6.336479 6.509395  
7.197822 2.139423 5.329205 6.919911  
3.916927 3.635276 9.447129 9.370069  
