82122.9
436743
1.01155e+06
5.51625e+06
116764
224487
1.14868e+06
118615
112016
195622
954217
1.3355e+06
2.09531e+06
1.82336e+06
1.90474e+06
1.53642e+08
6154.52
10121.3
7892.29
2.32503e+07
2.96727e+06
2.04935e+07
1.35759e+07
6.17784e+06
9.95861e+06
76262.7
32956.6
33783.4
36374.2
28023.9
11596.4
81481.8
1.14598e+06
5.90513e+06
12112.3
24948.6
58578
2.31221e+07
1.30966e+07
9.3207e+06
7.59392e+06
1.05723e+07
102777
64168.2
103561
64613.5
1.96827e+07
9.33692e+06
7.44279e+06
1.60898e+07
3.05402e+07
291680
303729
130275
7022.8
58740.8
3681.99
57147.7
3343.92
8395.93
5861.84
6.20651e+06
4.08747e+06
1.31596e+07
2.07071e+07
1.70552e+08
1.20227e+07
1.79459e+08
4.3074e+06
1.81719e+07
1.1522e+07
5.08289e+06
4.44446e+06
2.18907e+06
1.41017e+06
1.61867e+06
21827.4
14275.7
6430.2
5388.14
4.31452e+06
2.29154e+07
6.04657e+07
6.58061e+07
4.24154e+07
3.48943e+07
1.86079e+07
9.94407e+06
5.4974e+07
1.38736e+07
7.78326e+06
1.9868e+07
4.15638e+07
3.21809e+06
2.4676e+07
1.4036e+07
299280
1.87205
1.70703
1.66531
1448.4
4.88645
1476.94
2.50129
1461.5
5.99131e+06
6.61243e+06
7.31397
3.76764
7.66809
3.41132e+06
5.6757e+06
3.61125e+06
0.000829742
0.00101873
0.00115176
0.00131357
0.000966884
0.00104325
0.00109367
1.54984e+07
0.00116195
1.97088e+07
0.00122751
3.56314e+06
0.000950678
2.56118e+07
0.000978682
5.86028e+06
0.00102708
0.0010772
0.00116129
0.00116129
0.000628564
0.00071831
0.000830603
0.000952294
0.00110385
0.00110385
0.000718371
0.000833656
0.000966413
0.00102681
0.00103036
0.00103036
0.00175166
0.00161554
0.00143018
0.00120724
0.00100004
0.00100004
0.00163536
0.00139922
0.00121016
0.00107048
0.000972666
0.000936299
0.000893674
0.000862094
0.000867545
0.000933817
0.000465286
0.000525457
0.000613392
0.000747856
0.000934592
0.000934592
0.000915077
0.000915077
0.00286122
0.00254406
0.00203837
0.00146034
0.000885628
0.000885628
1.77295e+07
7.07202e+06
4.01548e+07
1.73549e+07
5.26223e+06
6.06089e+07
1.3427e+08
8.63294e+06
1.14863e+06
1.50546e+07
3.29324e+06
1.306e+08
1.8587e+08
2.02643e+08
2.43707e+08
3.11796e+08
3.80333e+08
5.72102e+07
7.67529e+07
9.53697e+07
5.60925e+07
5.96509e+07
6.11913e+07
4.83377e+07
4.17775e+07
5.38457e+06
4.8165e+06
4.15465e+06
2.66727e+06
2.48315e+06
2.32111e+06
2.2019e+06
2.20087e+06
2.30606e+06
100256
174192
6860.32
349320
83806.9
10330.9
879.395
742.388
20473.1
52774.9
12568.9
120193
38573.1
29510
193282
229261
71587.3
44830.5
40317.5
149559
492862
159882
143249
88248.2
24433.2
65026.9
8617.19
17030.1
42637.1
5717.73
6344.39
835909
8335.37
586524
10636.6
327378
59631.7
10105.1
33595.8
14119.1
49340.4
5331.78
26157.2
3184.57
16468.8
5537.17
4329.92
7007.11
5737.25
22107.7
191067
169103
30873.9
33557.4
37881.8
24229.5
15709.7
94.374
671.172
1906.29
340.323
639.974
100.657
53.8656
142.279
76.4475
224.498
97.1658
278.251
48.143
73.623
0.979376
1.92198
10.2056
5.84419
3.25831
11.1192
15.0123
81.8157
550.311
2342.07
877.51
3336.11
0.000460472
0.000460472
0.000666344
0.000590091
0.000531523
0.000503048
2.1647
0.000481101
0.000481101
2.46643
0.000566115
3.58081
0.00058975
5.97442
0.000595523
10.4147
0.000550386
0.000516198
0.000516198
0.000655608
0.000602517
0.000562507
0.000536688
0.000522566
0.000522566
0.000432922
0.000448157
0.000464399
0.000496084
0.000523573
0.000523573
0.00042264
0.000454092
0.000473559
0.000493027
0.000499859
0.000499859
0.00047136
0.000489315
0.000487985
0.000488954
0.000492412
0.000507458
0.000513843
0.000519609
0.000502539
0.000487269
0.000519134
0.000522734
0.000519068
0.000510677
0.000490264
0.000490264
0.000607882
0.000579132
0.000559575
0.000532956
0.00050951
0.00054463
0.000533669
0.00053089
0.000527556
0.000513701
0.000450504
4.70615
0.00044777
12.1714
0.000451567
1.13051
0.000473203
0.000496604
0.000496604
0.000509434
0.000453967
0.000406138
0.000412529
11.1537
0.000487447
0.000487447
2.71504
0.000497946
32.4733
0.00041483
0.000383447
0.000398181
0.000464841
0.000464841
0.000507007
0.000507007
0.000454977
0.000447948
0.00045442
0.00047279
0.000518961
0.000518961
0.000517819
0.000462632
0.000435109
0.000462473
0.000523135
0.000523135
0.000422357
0.000431101
0.000451363
0.000473247
0.000512407
0.000512407
0.000575773
0.000485867
0.000441123
0.000441086
0.000473138
0.000473138
0.000376783
0.000403772
0.000440675
0.000455923
0.000467041
0.00114274
0.00114274
0.00113053
0.00128755
0.00123169
0.0011921
0.00115277
0.00112462
0.00112462
0.00108715
0.00107753
0.00108481
0.00109666
0.00110268
0.00110268
0.000857238
0.000917695
0.000992556
0.00106332
0.00113851
0.00113851
0.000811819
0.0008959
0.000977837
0.00105793
0.00110907
0.00110907
0.0010195
0.00104146
0.00105427
0.00105674
0.00104549
0.00104549
0.00127727
0.00124133
0.00118181
0.00110693
0.00104547
0.00104547
0.00118034
0.00113134
0.00110218
0.00107417
0.00104924
0.00104924
0.00107939
0.0010751
0.00107627
0.00107559
0.00107837
0.00107837
0.00107808
0.00109032
0.00110102
0.00111454
0.00113932
0.00113932
0.00101123
0.001047
0.001088
0.00113195
0.00116996
0.00116996
0.00115365
0.00115365
0.00119098
0.00118057
0.00116959
0.0011574
0.00114996
0.00114996
0.00109143
0.00110076
0.00110648
0.00112387
0.00114308
0.00101249
0.00103341
0.00106398
0.00111012
0.00114562
0.00114108
0.00114108
0.0012053
0.00117505
0.00115494
0.0011432
0.00113779
0.00113779
0.00113268
0.0011306
0.00112699
0.00113125
0.00113272
0.00113272
3058.93
0.00113312
0.00113312
1938.37
0.00103581
3176.39
0.0010765
25022.3
0.00110086
0.00111405
0.00112301
0.00112301
0.00116826
0.0011606
0.00115471
0.00114256
0.00112602
0.00112602
0.0011502
0.0011502
0.00128651
0.00123249
0.00118703
0.00115836
0.00115489
0.00115489
0.00106368
0.00108054
0.00111926
0.00115797
0.00120241
0.00120241
0.000985494
0.00104645
0.00110067
0.00115639
0.0012279
0.0012279
0.00107944
0.00113111
0.0011883
0.00122901
0.00126424
0.00126424
0.00135714
0.00137398
7.10138
0.00137353
0.654744
0.00133639
0.00129171
0.00129171
0.00167401
0.00159288
0.00149605
0.00139571
0.00129132
0.00129132
0.00148677
0.00139406
0.00132472
0.00128221
1770.29
0.00126845
0.00126845
1934.12
0.00111864
1643.21
0.00114638
706.8
0.00120092
0.00124843
0.00128459
0.00128459
0.00118133
0.0012071
0.00123211
0.00126377
0.00128627
0.00128627
0.00128391
0.00128391
0.00128939
0.00128774
0.00129431
0.00129983
0.00129919
0.00129919
0.00126947
0.00128761
296.302
0.00129093
115.127
0.0012938
0.847786
0.00129669
0.00129669
0.218609
0.00132751
3.52436
0.00133279
0.00132066
0.00130901
0.00130379
0.00130379
0.00133884
0.00133351
0.00133027
0.00131999
0.0013034
0.0013034
0.0013724
0.00134504
0.00131922
0.00130446
0.00129171
0.00129171
0.00127913
0.00127913
0.00125822
0.00126027
0.00125933
0.00126543
0.00127037
0.00127037
0.00125075
0.0012621
1578.03
0.00126246
1118.75
0.00127317
897.679
0.00127959
0.00127959
949.319
0.00122614
0.00124046
0.00125869
0.00126663
0.00127141
0.00127141
0.00127403
0.00127403
0.00127679
0.00127449
0.00126904
0.00126862
0.00127395
0.00127395
0.00124827
0.00125502
0.00126649
0.00127562
0.00128029
0.00128029
0.00129654
0.00128961
0.00129088
0.00128137
0.00127362
0.00127362
0.00131883
0.00131761
0.00130818
0.00129394
0.00127665
0.00127665
0.00136631
0.00133926
0.0013095
0.0012893
0.0012767
0.0012767
0.00128724
0.00128724
0.00137191
0.00136282
0.00135157
0.00133352
0.00129863
0.00129863
0.00156883
0.00152201
0.00147593
0.00140113
0.00130769
0.00130769
0.00174448
0.00160518
0.00148699
0.00138289
0.00130535
0.00130535
0.000976793
0.000991141
0.00104297
0.00114672
0.00130175
0.00130175
0.000848261
0.000939484
0.00103569
0.00114584
0.00129063
0.00129063
0.000806965
0.000887608
0.000988269
0.00110789
0.00125379
0.00125379
0.737865
0.000995967
3.6671
0.00110175
0.0011804
0.00122442
0.00122195
0.00122195
0.00158992
0.0015074
0.00139823
0.00129297
0.00120712
0.00120712
0.00144921
0.00135169
0.00127571
0.00123311
0.00121401
0.00121401
0.00126683
0.00127163
0.00126823
0.00124932
0.00121808
0.00121808
0.00146139
0.0014124
0.729067
0.00135515
17.962
0.00128962
0.00123052
0.00123052
0.00141739
2.71538
0.00134733
14.7421
0.00128281
29.1422
0.00124256
31.488
0.00122848
83.1099
0.00115616
90.5517
0.00116574
0.0011763
0.00118881
0.00120473
1.35151
2.58823
0.00120326
0.00120326
0.00135009
0.00131442
0.00127658
0.00123521
0.00120226
0.00120226
0.00125274
0.00122336
0.00120995
0.00119359
0.00119854
0.00119854
0.00111115
0.00112659
0.00114083
0.00116458
0.00120614
0.00120614
0.00109894
0.00112857
0.00115451
0.0011815
0.00119021
0.00119021
0.00127598
0.00126246
0.00123662
0.00121433
0.00119014
0.00119014
0.00133983
0.00131043
0.00127768
0.00123445
3.36674
0.0011901
0.0011901
6.20932
0.577332
10.8199
0.00120596
0.00120596
0.0009844
0.00104312
0.00110581
0.00116433
0.00120396
0.00120396
0.00128877
0.00128383
0.00125429
0.00122287
0.0011894
0.0011894
0.00118058
0.00118058
0.00124044
0.00123006
0.00120584
0.00118877
6.13191
0.00119289
0.00119289
41.0767
0.00116539
78.9242
0.0011664
7.29627
0.00117343
0.00118216
0.00119725
0.00119725
0.00116012
0.00117318
0.00118431
0.00119494
0.00121074
0.00121074
0.00117268
0.00117268
0.00112908
0.00112969
0.00114268
0.00115662
0.00116585
0.00116198
0.00110422
0.00112417
0.00114128
0.00114696
0.00115636
0.00115636
0.00113374
0.00113893
0.00114464
0.00115442
0.00115255
0.00115255
0.00114938
0.00114938
0.00283952
0.00240218
0.00192419
0.00147333
0.00112566
0.00112566
39.6994
0.285379
29.8359
83.3251
4.38623
50.2076
195.487
69.5017
2.88013
29.5766
31.2609
6.20912
8.12753
35.2909
14.579
4.27502
30.3287
6.1208
14.1156
65.9642
8.68822
684.7
637.078
591.586
3.226
2.93156
3.16065
3.87868
6.90242
3.94985
54.1878
40.0373
3.83678
2.08162
3.90886
6.24148
2.50263
2.84654
4.17676
28.0141
37.1443
8.02308
10.2961
12.0342
13.1817
15.3759
39.9438
4.08187
1.85597
4.2212
2728.62
35.5037
4740.02
1053.52
1005.75
471.194
1205.54
2862.97
1145.7
859.742
10.0914
368.292
173.425
90.8815
68.2152
0.00165748
0.00165748
0.0012957
0.00135006
0.00142359
0.00148665
0.00153179
0.00153179
0.00156384
0.00155739
0.00155148
0.00153522
0.00152649
0.00152649
0.00156157
0.00155374
0.00154852
0.00154949
0.00155061
0.00155061
0.00146699
0.00148137
0.00150167
0.00152273
0.00155176
0.00155176
0.00143201
0.00146336
0.00149577
0.00152571
0.00155571
0.00155571
0.00150133
0.00152337
0.00154105
0.00155357
0.00155522
0.00155522
0.00156958
0.00156958
0.00167143
0.00166157
0.00163807
0.00161306
0.0015764
0.0015764
0.00165906
0.00164113
0.00160563
0.0015881
0.00158288
0.00158288
859.238
0.00161202
838.493
0.0016076
839.32
0.00160493
859.872
0.00159866
855.517
182.95
0.00158843
0.00158843
882.478
192.9
0.00163831
199.469
0.00162845
0.00161244
0.00160435
0.00159082
0.00159082
0.00160603
0.00160603
0.00166047
0.00164786
0.00163602
0.00162581
0.00161573
0.00161573
4338.01
4110.15
